eco.l3.ut <- list(
"1" = matrix(data=c(
-1133832.25029941,1810230.37512739,
-1133801.12522141,1810225.37524921,
-1133336.00016673,1810347.62523004,
-1132458.37486888,1810255.62476954,
-1132413.50012588,1810216.24976387,
-1131942.37483139,1809928.50008395,
-1131806.99984867,1809816.24985948,
-1131685.37517427,1809703.25016794,
-1131667.25029420,1809679.87515845,
-1131653.87504107,1809660.87472071,
-1131473.62531535,1809455.50015680,
-1131434.00005844,1809423.62496840,
-1131405.74997473,1809400.12515496,
-1131272.49987591,1809230.49984871,
-1131223.24991783,1809177.62478596,
-1131062.75009692,1808978.00021062,
-1130914.62516751,1808780.49987586,
-1130761.25010868,1808575.37491986,
-1130631.87472245,1808380.24972023,
-1130575.99986145,1808287.49979266,
-1130204.87470389,1807757.49983893,
-1130171.37513407,1807726.62501216,
-1130125.24977821,1807677.75010928,
-1129869.99994979,1807407.87505819,
-1129697.37484530,1807245.62476526,
-1129674.49969496,1807229.24971389,
-1129441.25010253,1807089.62496338,
-1129403.87517680,1807084.12522604,
-1129045.49996593,1806932.00013676,
-1129001.99999643,1806925.62484175,
-1128586.99981417,1806726.12507037,
-1128543.49984467,1806719.62497141,
-1128343.24996290,1806656.87495625,
-1128032.49968536,1806525.24988217,
-1127797.37481695,1806398.62468626,
-1127784.99992545,1806396.62524965,
-1127705.62525101,1806332.75006890,
-1127690.87522438,1806304.37518123,
-1127588.12489712,1806100.74980270,
-1127571.50023783,1806000.87511305,
-1127553.50016172,1805783.75032075,
-1127544.87517886,1805756.87501054,
-1127519.24983820,1805506.25000511,
-1127522.12483248,1805487.25021069,
-1127550.12530828,1805218.7499331,
-1127510.75030261,1804765.00005161,
-1127514.50021125,1804740.00001738,
-1127520.37500378,1804701.62473002,
-1127473.87523604,1804169.00003324,
-1127470.49973928,1804148.99987719,
-1127480.12508377,1804001.25000297,
-1127499.49993338,1803705.75025454,
-1127480.50013896,1803579.50011383,
-1127417.00001342,1803284.50022455,
-1127293.99992219,1802921.62499465,
-1127283.50030667,1802907.25002322,
-1127329.50021526,1802771.37518134,
-1127317.12468045,1802769.37510141,
-1127229.74968625,1802464.50025972,
-1127095.12481392,1802261.87524281,
-1126916.87516814,1802053.2499861,
-1126778.74999509,1801915.62531552,
-1126579.49983163,1801677.62480951,
-1126543.25007148,1801665.62497321,
-1126132.62510430,1801479.62525891,
-1125910.49979050,1801309.62489747,
-1125653.37468610,1801076.1250538,
-1125505.75025916,1800917.49986555,
-1125502.37476240,1800897.49970950,
-1125444.25021355,1800693.87497428,
-1125446.99976056,1800674.87517986,
-1125409.00017171,1800422.37489845,
-1125411.87516600,1800403.37510403,
-1125484.74974148,1800258.62502806,
-1125533.4998404,1800188.12494439,
-1125668.49976792,1799968.50021300,
-1125699.12498677,1799934.50014071,
-1125908.62515784,1799726.24993919,
-1125938.25001506,1799698.25010672,
-1126200.87485679,1799601.75027051,
-1126225.75008706,1799605.74978706,
-1126545.12470414,1799679.99977937,
-1126622.99980112,1799711.37510861,
-1126898.37523287,1799824.50024742,
-1126968.12520615,1799867.87476964,
-1127350.12503443,1800074.87500162,
-1127448.87520181,1800135.62493684,
-1127657.75006644,1800310.25012126,
-1127759.00017291,1800397.12525630,
-1127892.37507570,1800566.25006007,
-1127958.24969306,1800634.49981257,
-1128152.24972710,1800865.62516442,
-1128291.37526178,1800996.74973603,
-1128385.37515890,1801089.12525173,
-1128425.50027495,1801159.87494331,
-1128483.24976861,1801240.24997939,
-1128651.87471323,1801681.00030627,
-1128778.75016036,1802018.37499946,
-1128826.49989765,1802123.12476333,
-1128881.37504034,1802222.37478987,
-1128914.374751,1802298.75030939,
-1128995.87495266,1802557.75004645,
-1129025.49980988,1802614.25021387,
-1129152.62486493,1802866.74985196,
-1129202.12507424,1802958.99992038,
-1129305.75031585,1803240.49975258,
-1129538.37524517,1803678.12483393,
-1129622.37474260,1803794.87507743,
-1129809.62506976,1804069.87481066,
-1129852.62518011,1804121.75015510,
-1130019.50029602,1804237.99989612,
-1130088.24990767,1804287.37530147,
-1130166.12500466,1804318.74998739,
-1130416.75001009,1804344.12507682,
-1130447.87508809,1804348.50029189,
-1130698.87514872,1804244.00013593,
-1130749.99973945,1804200.12511124,
-1130915.62488582,1804030.25019708,
-1130948.49979252,1804000.75014382,
-1130952.37514843,1803997.37529038,
-1131087.00002076,1803822.99971387,
-1131106.12526246,1803780.1250508,
-1131231.12479030,1803500.99971042,
-1131331.24973119,1803132.99979838,
-1131341.74999003,1803063.62488030,
-1131365.12499952,1802573.87484658,
-1131350.87483204,1802499.99990947,
-1131285.62487779,1802133.24996698,
-1131240.75013479,1802009.87482056,
-1131112.00005500,1801600.62527019,
-1131077.99998271,1801530.74984964,
-1130928.62508375,1801215.87525159,
-1130654.50026487,1800674.99998382,
-1130439.12530127,1800376.12473863,
-1130079.74972877,1799977.37480378,
-1130012.87474978,1799915.62515025,
-1129764.37527156,1799709.12477743,
-1129678.87491003,1799643.75001923,
-1129498.25012911,1799493.12515072,
-1129488.62478462,1799472.12527636,
-1129179.00031599,1799081.37501795,
-1129047.50004587,1798691.12526200,
-1129016.49977182,1798518.00029836,
-1129009.25020579,1798439.12483975,
-1128994.24992792,1798118.62505708,
-1129001.00027812,1798074.25017323,
-1129004.00007637,1797802.12479097,
-1129014.49969189,1797732.74987289,
-1129025.75006112,1797448.7501016,
-1129030.62513534,1797416.75010925,
-1129218.24987438,1797017.25006401,
-1129443.25018247,1796623.37520339,
-1129557.62529083,1796413.62478109,
-1129619.12469312,1796091.62477764,
-1129609.49999195,1796071.12476244,
-1129555.25015569,1795842.00013384,
-1129533.24991971,1795819.1249835,
-1129488.37517671,1795779.62517387,
-1129448.74991980,1795747.74998548,
-1129267.99969161,1795597.12511698,
-1129246.12490290,1795574.12516268,
-1128924.37515068,1795389.12516669,
-1128919.99993561,1795375.62510961,
-1128687.25020234,1795275.50016872,
-1128182.12483556,1795042.62498817,
-1127682.12479424,1794817.37507216,
-1127555.37479438,1794772.49968584,
-1127173.49977006,1794649.37479066,
-1126731.37531300,1794419.99991082,
-1126685.50020836,1794387.12500412,
-1126638.62474211,1794360.12488995,
-1126270.24977487,1794064.37489028,
-1126193.75009471,1793981.12485992,
-1126039.50012153,1793782.50000289,
-1126001.75014060,1793738.12511904,
-1125768.37510089,1793137.74988560,
-1125709.49979833,1792350.50002351,
-1125823.75010274,1791848.25029434,
-1125831.37472397,1791797.87517068,
-1125891.99985523,1791313.6248743,
-1125977.37476949,1790833.87524027,
-1126090.4999083,1790422.50016269,
-1126105.24993493,1790366.62530169,
-1126304.1250432,1789935.62512326,
-1126354.74977478,1789852.75014809,
-1126549.62472317,1789363.49997353,
-1126585.2498202,1789212.75030107,
-1126795.87515685,1788745.37491521,
-1126995.87478739,1788378.00030961,
-1127060.12502333,1788260.00009657,
-1127087.37474541,1788205.50000908,
-1127218.12490515,1787972.37522060,
-1127320.62498117,1787799.62531215,
-1127353.99974702,1787746.62480212,
-1127579.00005511,1787436.49983102,
-1127611.49990661,1787389.62500808,
-1127706.12511016,1787274.37498537,
-1127743.99989505,1787228.25027282,
-1127800.00020332,1787152.37525577,
-1128014.12519737,1786874.75013617,
-1128333.62526173,1786718.37527909,
-1128663.99999681,1786566.75004896,
-1128764.99985204,1786521.50025076,
-1129079.75028945,1786342.37504731,
-1129190.37484586,1786272.12521488,
-1129532.87486451,1786025.37492204,
-1129602.62483779,1785976.12496397,
-1129810.24973288,1785841.2498404,
-1129892.50004493,1785793.50010311,
-1130275.24998360,1785629.37517752,
-1130408.24983119,1785581.62479691,
-1130783.12489739,1785428.99984847,
-1131107.99989512,1785367.49980286,
-1131196.99991406,1785365.87477812,
-1131642.12481269,1785306.74986764,
