luck.ash <- list(
"1" = matrix(data=c(
-2128642,2722288.5,
-2128630,2722338.25,
-2128610.5,2722369,
-2128571.25,2722482.75,
-2128527.75,2722541,
-2128390.25,2722639,
-2128330.5,2722671.5,
-2127963.5,2722741,
-2127879.25,2722803.25,
-2127831.25,2722813.25,
-2127699.75,2722792.75,
-2127647.75,2722798.25,
-2127538.5,2722845.75,
-2127456.25,2722864.75,
-2127294.25,2722866.75,
-2127226.5,2722900,
-2127198.5,2722968.25,
-2127143,2723039.75,
-2127107,2723072,
-2126991.75,2723130.25,
-2126879,2723171.5,
-2126707.5,2723206.25,
-2126693.5,2723217.75),
ncol=2, byrow=TRUE, dimnames=list(1:23, c("xcoord", "ycoord"))),
"2" = matrix(data=c(
-2137334,2744987.75,
-2137244.75,2744967,
-2136847,2744925.25,
-2136795.75,2744910.25,
-2136771,2744887.5),
ncol=2, byrow=TRUE, dimnames=list(1:5, c("xcoord", "ycoord"))),
"3" = matrix(data=c(
-2129644.25,2744065.75,
-2129680.5,2743997,
-2129757.5,2743890,
-2129801,2743868.25,
-2129899.75,2743767.5,
-2129976,2743707.25,
-2129992.5,2743660,
-2130009.75,2743638,
-2130024.25,2743588.75,
-2130037,2743492.5,
-2130060.25,2743440.75),
ncol=2, byrow=TRUE, dimnames=list(1:11, c("xcoord", "ycoord"))),
"4" = matrix(data=c(
-2148980.25,2746860.5,
-2148775,2746767.25,
-2148685.25,2746766.25,
-2148577.5,2746763.25,
-2148471.5,2746737.5,
-2148400.25,2746745,
-2148341.75,2746772.75,
-2148300.25,2746814,
-2148263,2746877.25,
-2148175,2746906,
-2148061.75,2746965.75,
-2148028,2746963.5,
-2148005.75,2746922.5,
-2148002.5,2746889.25,
-2147988,2746831.75,
-2148006.5,2746760.75,
-2148006.75,2746715.25,
-2148016.25,2746683.5,
-2148138,2746621.75,
-2148157.75,2746591,
-2148176.75,2746500.5,
-2148175.5,2746460.5,
-2148209.5,2746337.75,
-2148187.25,2746243.75),
ncol=2, byrow=TRUE, dimnames=list(1:24, c("xcoord", "ycoord"))),
"5" = matrix(data=c(
-2134216.5,2743579.25,
-2134074.5,2743523.25,
-2134031,2743553.5,
-2134007.25,2743607,
-2133975.75,2743632.25,
-2133944.25,2743640.75,
-2133914.25,2743635.25,
-2133738.5,2743514.25,
-2133621.75,2743479,
-2133580.75,2743456.75,
-2133512,2743394,
-2133435.75,2743339.25,
-2133378.5,2743309.25),
ncol=2, byrow=TRUE, dimnames=list(1:13, c("xcoord", "ycoord")))
)
